*vertices 11
0 LHR 217 300
1 BER 403 316
2 MAD 118 60
3 KBP 645 303
4 FCO 402 71
5 CDG 245 234
6 MSQ 580 376
7 ARN 448 483
8 DUB 146 366
9 VIE 453 215
10 SPU 471 104
*arcs
0 5 343
1 6 954
1 5 879
2 5 1054
2 4 1364
3 6 433
4 5 1106
8 0 464
0 7 1435
1 7 811
6 7 837
4 9 766
3 9 1053
1 9 524
5 0 343
6 1 954
5 1 879
5 2 1054
4 2 1364
6 3 433
5 4 1106
0 8 464
7 0 1435
7 1 811
7 6 837
9 4 766
9 3 1053
9 1 524
10 4 369
10 9 522
10 0 1523
10 5 1235
4 10 369
9 10 522
0 10 1523
5 10 1235